0.005625 0 0 0 0 0 0 0 0 0 0 0 0
0 0.028561 -0.03427743 0 0 0 0 0 0 0 0 0 0
0 -0.03427743 0.182329 0 0 0 0 0 0 0 0 0 0
0 0 0 0.0324 -0.02527848 0 0 0 0 0 0 0 0
0 0 0 -0.02527848 0.110224 0 0 0 0 0 0 0 0
0 0 0 0 0 0.023409 -0.01254983 0 0 0 0 0 0
0 0 0 0 0 -0.01254983 0.037249 0 0 0 0 0 0
0 0 0 0 0 0 0 0.1024 -0.03034528 0 0 0 0
0 0 0 0 0 0 0 -0.03034528 0.047089 0 0 0 0
0 0 0 0 0 0 0 0 0 0.574564 -0.19014961 0 0
0 0 0 0 0 0 0 0 0 -0.19014961 0.263169 0 0
0 0 0 0 0 0 0 0 0 0 0 0.281961 -0.02311496
0 0 0 0 0 0 0 0 0 0 0 -0.02311496 0.010201